─────────────────────────────────────────────────────────────────────────────────────────────────────────────
Language                              Files     Lines   Blanks  Comments     Code Complexity Complexity/Lines
─────────────────────────────────────────────────────────────────────────────────────────────────────────────
JavaScript                               14      1257      110        34     1113        138            81.45
─────────────────────────────────────────────────────────────────────────────────────────────────────────────
lib/ffi.js                                        226       14         0      212         57            26.89
lib/gen.js                                        223       23         4      196         56            28.57
lib/system.js                                     180       16        24      140          4             2.86
module/system/system.js                           129        3         5      121          0             0.00
main.js                                           120       18         1      101         14            13.86
lib/loop.js                                        98       14         0       84          6             7.14
module/net/net.js                                  75        2         0       73          0             0.00
lib/net.js                                         57       10         0       47          1             2.13
module/tcc/tcc.js                                  43        2         0       41          0             0.00
module/pico/pico.js                                43        2         0       41          0             0.00
module/loop/loop.js                                29        2         0       27          0             0.00
module/fs/fs.js                                    28        2         0       26          0             0.00
lib/pico.js                                         3        1         0        2          0             0.00
lib/tcc.js                                          3        1         0        2          0             0.00
─────────────────────────────────────────────────────────────────────────────────────────────────────────────
C++ (gen)                                 5      1053      156        10      887          0             0.00
─────────────────────────────────────────────────────────────────────────────────────────────────────────────
module/net/net.cc                                 388       52         2      334          0             0.00
module/pico/pico.cc                               197       28         2      167          0             0.00
module/tcc/tcc.cc                                 194       36         2      156          0             0.00
module/fs/fs.cc                                   149       22         2      125          0             0.00
module/loop/loop.cc                               125       18         2      105          0             0.00
─────────────────────────────────────────────────────────────────────────────────────────────────────────────
C Header (gen)                            3       175       26        58       91          0             0.00
─────────────────────────────────────────────────────────────────────────────────────────────────────────────
module/pico/picohttpparser.h                       88       13        43       32          0             0.00
main.h                                             55        7         2       46          0             0.00
module/pico/hescape.h                              32        6        13       13          0             0.00
─────────────────────────────────────────────────────────────────────────────────────────────────────────────
C++                                       3      1465      151        34     1280        121            25.65
─────────────────────────────────────────────────────────────────────────────────────────────────────────────
spin.cc                                           865       51        27      787        119            15.12
module/system/system.cc                           575       99         2      474          0             0.00
main.cc                                            25        1         5       19          2            10.53
─────────────────────────────────────────────────────────────────────────────────────────────────────────────
C Header                                  2       276       33         1      242          0             0.00
─────────────────────────────────────────────────────────────────────────────────────────────────────────────
spin.h                                            215       26         0      189          0             0.00
module/pico/pico.h                                 61        7         1       53          0             0.00
─────────────────────────────────────────────────────────────────────────────────────────────────────────────
C (gen)                                   2       870       71        74      725        233            53.12
─────────────────────────────────────────────────────────────────────────────────────────────────────────────
module/pico/picohttpparser.c                      666       50        57      559        206            36.85
module/pico/hescape.c                             204       21        17      166         27            16.27
─────────────────────────────────────────────────────────────────────────────────────────────────────────────
C                                         1        73        4         0       69          2             2.90
─────────────────────────────────────────────────────────────────────────────────────────────────────────────
module/pico/pico.c                                 73        4         0       69          2             2.90
─────────────────────────────────────────────────────────────────────────────────────────────────────────────
Total                                    30      5169      551       211     4407        494           163.11
─────────────────────────────────────────────────────────────────────────────────────────────────────────────
Processed 194536 bytes, 0.195 megabytes (SI)
─────────────────────────────────────────────────────────────────────────────────────────────────────────────

